REGION OBS EXP EXPUP1 EXPDN1 EXPUP2 EXPDN2
hhNonRes  6.3807  6.5431  9.7202  4.4899  14.164099  3.3017
hhRes260  59.4171  55.0551  72.7713  40.9273  92.533164  30.9854
hhRes300  154.7195  143.1061  184.9443  108.9256  228.790866  83.5574
hhRes400  180.4780  169.9107  214.3057  132.1220  264.214013  101.7647
hhRes500  50.3372  47.8040  63.9356  35.4611  81.427237  26.6847
hhRes600  23.9114  23.8692  32.3976  18.0189  42.147737  13.6246
hhRes700  11.1384  11.2301  15.9985  7.8536  22.221367  6.0496
hhRes750  9.5298  9.5655  13.1921  6.6877  16.322881  4.8917
hhRes800  8.5651  8.5974  12.6299  6.0010  18.017892  4.3410
hhRes900  6.8889  6.9271  10.3956  4.9067  15.022986  3.6375
