-20.000 4.928 0.528 0.527
-19.900 4.884 0.522 0.522
-19.800 4.840 0.517 0.517
-19.700 4.797 0.513 0.513
-19.600 4.754 0.508 0.508
-19.500 4.711 0.503 0.503
-19.400 4.668 0.499 0.499
-19.300 4.625 0.494 0.494
-19.200 4.583 0.490 0.490
-19.100 4.541 0.485 0.485
-19.000 4.499 0.481 0.481
-18.900 4.457 0.476 0.476
-18.800 4.415 0.472 0.472
-18.700 4.374 0.467 0.467
-18.600 4.332 0.463 0.463
-18.500 4.291 0.459 0.459
-18.400 4.251 0.454 0.454
-18.300 4.210 0.450 0.450
-18.200 4.169 0.446 0.446
-18.100 4.129 0.441 0.441
-18.000 4.089 0.437 0.437
-17.900 4.049 0.433 0.433
-17.800 4.010 0.428 0.428
-17.700 3.970 0.424 0.424
-17.600 3.931 0.420 0.420
-17.500 3.892 0.416 0.416
-17.400 3.853 0.412 0.412
-17.300 3.814 0.408 0.408
-17.200 3.776 0.403 0.403
-17.100 3.737 0.399 0.399
-17.000 3.699 0.395 0.395
-16.900 3.661 0.391 0.391
-16.800 3.624 0.387 0.387
-16.700 3.586 0.383 0.383
-16.600 3.549 0.379 0.379
-16.500 3.512 0.375 0.375
-16.400 3.475 0.371 0.371
-16.300 3.438 0.367 0.367
-16.200 3.401 0.363 0.363
-16.100 3.365 0.360 0.360
-16.000 3.329 0.356 0.356
-15.900 3.293 0.352 0.352
-15.800 3.257 0.348 0.348
-15.700 3.222 0.344 0.344
-15.600 3.186 0.340 0.340
-15.500 3.151 0.337 0.337
-15.400 3.116 0.333 0.333
-15.300 3.081 0.329 0.329
-15.200 3.047 0.326 0.326
-15.100 3.013 0.322 0.322
-15.000 2.978 0.318 0.318
-14.900 2.944 0.315 0.315
-14.800 2.911 0.311 0.311
-14.700 2.877 0.307 0.307
-14.600 2.844 0.304 0.304
-14.500 2.810 0.300 0.300
-14.400 2.777 0.297 0.297
-14.300 2.745 0.293 0.293
-14.200 2.712 0.290 0.290
-14.100 2.680 0.286 0.286
-14.000 2.647 0.283 0.283
-13.900 2.615 0.279 0.279
-13.800 2.583 0.276 0.276
-13.700 2.552 0.273 0.273
-13.600 2.520 0.269 0.269
-13.500 2.489 0.266 0.266
-13.400 2.458 0.263 0.263
-13.300 2.427 0.259 0.259
-13.200 2.397 0.256 0.256
-13.100 2.366 0.253 0.253
-13.000 2.336 0.250 0.250
-12.900 2.306 0.246 0.246
-12.800 2.276 0.243 0.243
-12.700 2.246 0.240 0.240
-12.600 2.217 0.237 0.237
-12.500 2.187 0.234 0.234
-12.400 2.158 0.231 0.231
-12.300 2.129 0.228 0.228
-12.200 2.101 0.224 0.224
-12.100 2.072 0.221 0.221
-12.000 2.044 0.218 0.218
-11.900 2.016 0.215 0.215
-11.800 1.988 0.212 0.212
-11.700 1.960 0.209 0.209
-11.600 1.933 0.207 0.207
-11.500 1.905 0.204 0.204
-11.400 1.878 0.201 0.201
-11.300 1.851 0.198 0.198
-11.200 1.825 0.195 0.195
-11.100 1.798 0.192 0.192
-11.000 1.772 0.189 0.189
-10.900 1.746 0.187 0.187
-10.800 1.720 0.184 0.184
-10.700 1.694 0.181 0.181
-10.600 1.668 0.178 0.178
-10.500 1.643 0.176 0.176
-10.400 1.618 0.173 0.173
-10.300 1.593 0.170 0.170
-10.200 1.568 0.168 0.168
-10.100 1.543 0.165 0.165
-10.000 1.519 0.162 0.162
-9.900 1.495 0.160 0.160
-9.800 1.471 0.157 0.157
-9.700 1.447 0.155 0.155
-9.600 1.423 0.152 0.152
-9.500 1.400 0.150 0.150
-9.400 1.377 0.147 0.147
-9.300 1.354 0.145 0.145
-9.200 1.331 0.142 0.142
-9.100 1.308 0.140 0.140
-9.000 1.286 0.137 0.137
-8.900 1.264 0.135 0.135
-8.800 1.242 0.133 0.133
-8.700 1.220 0.130 0.130
-8.600 1.198 0.128 0.128
-8.500 1.177 0.126 0.126
-8.400 1.156 0.123 0.123
-8.300 1.134 0.121 0.121
-8.200 1.114 0.119 0.119
-8.100 1.093 0.117 0.117
-8.000 1.073 0.115 0.115
-7.900 1.052 0.112 0.112
-7.800 1.032 0.110 0.110
-7.700 1.012 0.108 0.108
-7.600 0.993 0.106 0.106
-7.500 0.973 0.104 0.104
-7.400 0.954 0.102 0.102
-7.300 0.935 0.100 0.100
-7.200 0.916 0.098 0.098
-7.100 0.897 0.096 0.096
-7.000 0.879 0.094 0.094
-6.900 0.860 0.092 0.092
-6.800 0.842 0.090 0.090
-6.700 0.824 0.088 0.088
-6.600 0.807 0.086 0.086
-6.500 0.789 0.084 0.084
-6.400 0.772 0.082 0.082
-6.300 0.755 0.081 0.081
-6.200 0.738 0.079 0.079
-6.100 0.721 0.077 0.077
-6.000 0.704 0.075 0.075
-5.900 0.688 0.074 0.074
-5.800 0.672 0.072 0.072
-5.700 0.656 0.070 0.070
-5.600 0.640 0.068 0.068
-5.500 0.625 0.067 0.067
-5.400 0.609 0.065 0.065
-5.300 0.594 0.063 0.063
-5.200 0.579 0.062 0.062
-5.100 0.564 0.060 0.060
-5.000 0.550 0.059 0.059
-4.900 0.535 0.057 0.057
-4.800 0.521 0.056 0.056
-4.700 0.507 0.054 0.054
-4.600 0.493 0.053 0.053
-4.500 0.480 0.051 0.051
-4.400 0.466 0.050 0.050
-4.300 0.453 0.048 0.048
-4.200 0.440 0.047 0.047
-4.100 0.427 0.046 0.046
-4.000 0.415 0.044 0.044
-3.900 0.402 0.043 0.043
-3.800 0.390 0.042 0.042
-3.700 0.378 0.040 0.040
-3.600 0.366 0.039 0.039
-3.500 0.354 0.038 0.038
-3.400 0.343 0.037 0.037
-3.300 0.332 0.035 0.035
-3.200 0.321 0.034 0.034
-3.100 0.310 0.033 0.033
-3.000 0.299 0.032 0.032
-2.900 0.289 0.031 0.031
-2.800 0.278 0.030 0.030
-2.700 0.268 0.029 0.029
-2.600 0.258 0.028 0.028
-2.500 0.249 0.027 0.027
-2.400 0.239 0.026 0.026
-2.300 0.230 0.025 0.025
-2.200 0.221 0.024 0.024
-2.100 0.212 0.023 0.023
-2.000 0.203 0.022 0.022
-1.900 0.195 0.021 0.021
-1.800 0.186 0.020 0.020
-1.700 0.178 0.019 0.019
-1.600 0.170 0.018 0.018
-1.500 0.163 0.017 0.017
-1.400 0.155 0.017 0.017
-1.300 0.148 0.016 0.016
-1.200 0.141 0.015 0.015
-1.100 0.134 0.014 0.014
-1.000 0.127 0.014 0.014
-0.900 0.120 0.013 0.013
-0.800 0.114 0.012 0.012
-0.700 0.108 0.012 0.012
-0.600 0.102 0.011 0.011
-0.500 0.096 0.010 0.010
-0.400 0.091 0.010 0.010
-0.300 0.085 0.009 0.009
-0.200 0.080 0.009 0.009
-0.100 0.075 0.008 0.008
0.100 0.066 0.007 0.007
0.200 0.061 0.007 0.007
0.300 0.057 0.006 0.006
0.400 0.053 0.006 0.006
0.500 0.049 0.005 0.005
0.600 0.046 0.005 0.005
0.700 0.042 0.005 0.005
0.800 0.039 0.004 0.004
0.900 0.036 0.004 0.004
1.000 0.033 0.004 0.004
1.100 0.030 0.003 0.003
1.200 0.028 0.003 0.003
1.300 0.026 0.003 0.003
1.400 0.024 0.003 0.003
1.500 0.022 0.002 0.002
1.600 0.020 0.002 0.002
1.700 0.019 0.002 0.002
1.800 0.017 0.002 0.002
1.900 0.016 0.002 0.002
2.000 0.016 0.002 0.002
2.100 0.015 0.002 0.002
2.200 0.014 0.002 0.002
2.300 0.014 0.002 0.002
2.400 0.014 0.002 0.002
2.500 0.014 0.002 0.002
2.600 0.014 0.002 0.002
2.700 0.015 0.002 0.002
2.800 0.016 0.002 0.002
2.900 0.017 0.002 0.002
3.000 0.018 0.002 0.002
3.100 0.019 0.002 0.002
3.200 0.020 0.002 0.002
3.300 0.022 0.002 0.002
3.400 0.024 0.003 0.003
3.500 0.026 0.003 0.003
3.600 0.028 0.003 0.003
3.700 0.031 0.003 0.003
3.800 0.033 0.004 0.004
3.900 0.036 0.004 0.004
4.000 0.039 0.004 0.004
4.100 0.043 0.005 0.005
4.200 0.046 0.005 0.005
4.300 0.050 0.005 0.005
4.400 0.053 0.006 0.006
4.500 0.058 0.006 0.006
4.600 0.062 0.007 0.007
4.700 0.066 0.007 0.007
4.800 0.071 0.008 0.008
4.900 0.076 0.008 0.008
5.000 0.081 0.009 0.009
5.100 0.086 0.009 0.009
5.200 0.091 0.010 0.010
5.300 0.097 0.010 0.010
5.400 0.103 0.011 0.011
5.500 0.109 0.012 0.012
5.600 0.115 0.012 0.012
5.700 0.121 0.013 0.013
5.800 0.128 0.014 0.014
5.900 0.135 0.014 0.014
6.000 0.141 0.015 0.015
6.100 0.149 0.016 0.016
6.200 0.156 0.017 0.017
6.300 0.164 0.017 0.017
6.400 0.171 0.018 0.018
6.500 0.179 0.019 0.019
6.600 0.187 0.020 0.020
6.700 0.196 0.021 0.021
6.800 0.204 0.022 0.022
6.900 0.213 0.023 0.023
7.000 0.222 0.024 0.024
7.100 0.231 0.025 0.025
7.200 0.240 0.026 0.026
7.300 0.250 0.027 0.027
7.400 0.260 0.028 0.028
7.500 0.270 0.029 0.029
7.600 0.280 0.030 0.030
7.700 0.290 0.031 0.031
7.800 0.300 0.032 0.032
7.900 0.311 0.033 0.033
8.000 0.322 0.034 0.034
8.100 0.333 0.036 0.036
8.200 0.344 0.037 0.037
8.300 0.356 0.038 0.038
8.400 0.368 0.039 0.039
8.500 0.379 0.041 0.041
8.600 0.391 0.042 0.042
8.700 0.404 0.043 0.043
8.800 0.416 0.044 0.044
8.900 0.429 0.046 0.046
9.000 0.442 0.047 0.047
9.100 0.455 0.049 0.049
9.200 0.468 0.050 0.050
9.300 0.481 0.051 0.051
9.400 0.495 0.053 0.053
9.500 0.509 0.054 0.054
9.600 0.523 0.056 0.056
9.700 0.537 0.057 0.057
9.800 0.552 0.059 0.059
9.900 0.566 0.060 0.060
10.000 0.581 0.062 0.062
10.100 0.596 0.064 0.064
10.200 0.611 0.065 0.065
10.300 0.627 0.067 0.067
10.400 0.642 0.069 0.069
10.500 0.658 0.070 0.070
10.600 0.674 0.072 0.072
10.700 0.690 0.074 0.074
10.800 0.706 0.075 0.075
10.900 0.723 0.077 0.077
11.000 0.740 0.079 0.079
11.100 0.757 0.081 0.081
11.200 0.774 0.083 0.083
11.300 0.791 0.085 0.085
11.400 0.809 0.086 0.086
11.500 0.827 0.088 0.088
11.600 0.845 0.090 0.090
11.700 0.863 0.092 0.092
11.800 0.881 0.094 0.094
11.900 0.900 0.096 0.096
12.000 0.918 0.098 0.098
12.100 0.937 0.100 0.100
12.200 0.956 0.102 0.102
12.300 0.976 0.104 0.104
12.400 0.995 0.106 0.106
12.500 1.015 0.108 0.108
12.600 1.035 0.111 0.111
12.700 1.055 0.113 0.113
12.800 1.075 0.115 0.115
12.900 1.096 0.117 0.117
13.000 1.116 0.119 0.119
13.100 1.137 0.122 0.122
13.200 1.158 0.124 0.124
13.300 1.180 0.126 0.126
13.400 1.201 0.128 0.128
13.500 1.223 0.131 0.131
13.600 1.245 0.133 0.133
13.700 1.267 0.135 0.135
13.800 1.289 0.138 0.138
13.900 1.311 0.140 0.140
14.000 1.334 0.143 0.143
14.100 1.357 0.145 0.145
14.200 1.380 0.147 0.147
14.300 1.403 0.150 0.150
14.400 1.427 0.152 0.152
14.500 1.450 0.155 0.155
14.600 1.474 0.158 0.158
14.700 1.498 0.160 0.160
14.800 1.522 0.163 0.163
14.900 1.547 0.165 0.165
15.000 1.571 0.168 0.168
15.100 1.596 0.171 0.171
15.200 1.621 0.173 0.173
15.300 1.646 0.176 0.176
15.400 1.672 0.179 0.179
15.500 1.697 0.181 0.181
15.600 1.723 0.184 0.184
15.700 1.749 0.187 0.187
15.800 1.775 0.190 0.190
15.900 1.801 0.193 0.193
16.000 1.828 0.195 0.195
16.100 1.855 0.198 0.198
16.200 1.882 0.201 0.201
16.300 1.909 0.204 0.204
16.400 1.936 0.207 0.207
16.500 1.964 0.210 0.210
16.600 1.992 0.213 0.213
16.700 2.020 0.216 0.216
16.800 2.048 0.219 0.219
16.900 2.076 0.222 0.222
17.000 2.104 0.225 0.225
17.100 2.133 0.228 0.228
17.200 2.162 0.231 0.231
17.300 2.191 0.234 0.234
17.400 2.221 0.237 0.237
17.500 2.250 0.240 0.240
17.600 2.280 0.244 0.244
17.700 2.310 0.247 0.247
17.800 2.340 0.250 0.250
17.900 2.370 0.253 0.253
18.000 2.401 0.257 0.257
18.100 2.431 0.260 0.260
18.200 2.462 0.263 0.263
18.300 2.493 0.266 0.266
18.400 2.524 0.270 0.270
18.500 2.556 0.273 0.273
18.600 2.588 0.277 0.277
18.700 2.619 0.280 0.280
18.800 2.651 0.283 0.283
18.900 2.684 0.287 0.287
19.000 2.716 0.290 0.290
19.100 2.749 0.294 0.294
19.200 2.782 0.297 0.297
19.300 2.815 0.301 0.301
19.400 2.848 0.304 0.304
19.500 2.881 0.308 0.308
19.600 2.915 0.311 0.311
19.700 2.949 0.315 0.315
19.800 2.983 0.319 0.319
19.900 3.017 0.322 0.322
20.000 3.051 0.326 0.325
