#LAMBDA	MINUS1 EXP PLUS1
-20.0000 0.4905 4.5781 0.4896
-19.8039 0.4804 4.4979 0.4805
-19.6078 0.4723 4.4196 0.4723
-19.4118 0.4641 4.3413 0.4641
-19.2157 0.4558 4.2637 0.4558
-19.0196 0.4476 4.1872 0.4476
-18.8235 0.4394 4.1106 0.4394
-18.6275 0.4311 4.0351 0.4311
-18.4314 0.4232 3.9609 0.4232
-18.2353 0.4158 3.8864 0.4158
-18.0392 0.4073 3.8133 0.4073
-17.8431 0.3996 3.7410 0.3996
-17.6471 0.3920 3.6689 0.3920
-17.4510 0.3846 3.5979 0.3846
-17.2549 0.3769 3.5273 0.3769
-17.0588 0.3692 3.4571 0.3692
-16.8627 0.3619 3.3883 0.3619
-16.6667 0.3546 3.3198 0.3546
-16.4706 0.3473 3.2525 0.3473
-16.2745 0.3399 3.1851 0.3399
-16.0784 0.3337 3.1189 0.3337
-15.8824 0.3264 3.0533 0.3264
-15.6863 0.3190 2.9887 0.3190
-15.4902 0.3128 2.9241 0.3128
-15.2941 0.3055 2.8604 0.3055
-15.0980 0.2991 2.7984 0.2991
-14.9020 0.2927 2.7356 0.2927
-14.7059 0.2854 2.6746 0.2854
-14.5098 0.2790 2.6136 0.2790
-14.3137 0.2727 2.5542 0.2727
-14.1176 0.2663 2.4950 0.2663
-13.9216 0.2600 2.4357 0.2600
-13.7255 0.2544 2.3782 0.2544
-13.5294 0.2478 2.3207 0.2478
-13.3333 0.2418 2.2642 0.2418
-13.1373 0.2361 2.2087 0.2361
-12.9412 0.2301 2.1538 0.2301
-12.7451 0.2242 2.0990 0.2242
-12.5490 0.2188 2.0454 0.2188
-12.3529 0.2134 1.9920 0.2134
-12.1569 0.2068 1.9402 0.2068
-11.9608 0.2014 1.8887 0.2014
-11.7647 0.1959 1.8376 0.1959
-11.5686 0.1915 1.7876 0.1915
-11.3725 0.1860 1.7377 0.1860
-11.1765 0.1805 1.6896 0.1805
-10.9804 0.1752 1.6415 0.1752
-10.7843 0.1705 1.5941 0.1705
-10.5882 0.1651 1.5468 0.1651
-10.3922 0.1605 1.5013 0.1605
-10.1961 0.1560 1.4558 0.1560
-10.0000 0.1505 1.4112 0.1505
-9.8039 0.1459 1.3674 0.1459
-9.6078 0.1414 1.3237 0.1414
-9.4118 0.1369 1.2818 0.1369
-9.2157 0.1323 1.2399 0.1323
-9.0196 0.1278 1.1987 0.1278
-8.8235 0.1241 1.1586 0.1241
-8.6275 0.1193 1.1185 0.1193
-8.4314 0.1151 1.0802 0.1151
-8.2353 0.1112 1.0414 0.1112
-8.0392 0.1077 1.0041 0.1077
-7.8431 0.1029 0.9667 0.1029
-7.6471 0.0993 0.9308 0.0993
-7.4510 0.0957 0.8952 0.0957
-7.2549 0.0921 0.8607 0.0921
-7.0588 0.0884 0.8264 0.0884
-6.8627 0.0848 0.7926 0.0848
-6.6667 0.0811 0.7602 0.0811
-6.4706 0.0774 0.7282 0.0774
-6.2745 0.0749 0.6974 0.0749
-6.0784 0.0711 0.6664 0.0711
-5.8824 0.0685 0.6365 0.0685
-5.6863 0.0648 0.6074 0.0648
-5.4902 0.0621 0.5792 0.0621
-5.2941 0.0585 0.5510 0.0585
-5.0980 0.0557 0.5237 0.0557
-4.9020 0.0530 0.4973 0.0530
-4.7059 0.0503 0.4718 0.0503
-4.5098 0.0475 0.4471 0.0475
-4.3137 0.0448 0.4225 0.0448
-4.1176 0.0430 0.3987 0.0430
-3.9216 0.0401 0.3760 0.0401
-3.7255 0.0376 0.3540 0.0376
-3.5294 0.0356 0.3321 0.0356
-3.3333 0.0331 0.3119 0.0331
-3.1373 0.0310 0.2918 0.0310
-2.9412 0.0292 0.2723 0.0292
-2.7451 0.0274 0.2531 0.0274
-2.5490 0.0255 0.2354 0.0255
-2.3529 0.0237 0.2180 0.0237
-2.1569 0.0219 0.2017 0.0219
-1.9608 0.0201 0.1857 0.0201
-1.7647 0.0182 0.1701 0.0182
-1.5686 0.0164 0.1559 0.0164
-1.3725 0.0156 0.1421 0.0156
-1.1765 0.0137 0.1294 0.0137
-0.9804 0.0129 0.1167 0.0129
-0.7843 0.0111 0.1050 0.0111
-0.5882 0.0101 0.0941 0.0101
-0.3922 0.0092 0.0841 0.0092
-0.1961 0.0083 0.0741 0.0083
0.0000 0.0067 0.0655 0.0067
0.1961 0.0065 0.0568 0.0065
0.3922 0.0056 0.0495 0.0056
0.5882 0.0046 0.0431 0.0046
0.7843 0.0038 0.0366 0.0038
0.9804 0.0038 0.0312 0.0038
1.1765 0.0027 0.0264 0.0027
1.3725 0.0029 0.0228 0.0029
1.5686 0.0018 0.0191 0.0018
1.7647 0.0019 0.0165 0.0019
1.9608 0.0019 0.0149 0.0019
2.1569 0.0019 0.0133 0.0019
2.3529 0.0019 0.0130 0.0019
2.5490 0.0019 0.0129 0.0019
2.7451 0.0019 0.0144 0.0019
2.9412 0.0019 0.0162 0.0019
3.1373 0.0019 0.0179 0.0019
3.3333 0.0021 0.0211 0.0021
3.5294 0.0028 0.0246 0.0028
3.7255 0.0030 0.0293 0.0030
3.9216 0.0037 0.0340 0.0037
4.1176 0.0047 0.0405 0.0047
4.3137 0.0048 0.0469 0.0048
4.5098 0.0056 0.0543 0.0056
4.7059 0.0065 0.0616 0.0065
4.9020 0.0074 0.0707 0.0074
5.0980 0.0084 0.0798 0.0084
5.2941 0.0093 0.0898 0.0093
5.4902 0.0111 0.1007 0.0111
5.6863 0.0119 0.1116 0.0119
5.8824 0.0130 0.1244 0.0130
6.0784 0.0147 0.1368 0.0147
6.2745 0.0158 0.1505 0.0158
6.4706 0.0174 0.1641 0.0174
6.6667 0.0192 0.1793 0.0192
6.8627 0.0210 0.1947 0.0210
7.0588 0.0228 0.2112 0.0228
7.2549 0.0247 0.2280 0.0247
7.4510 0.0265 0.2463 0.0265
7.6471 0.0283 0.2645 0.0283
7.8431 0.0302 0.2830 0.0302
8.0392 0.0323 0.3032 0.0323
8.2353 0.0347 0.3234 0.0347
8.4314 0.0368 0.3451 0.0368
8.6275 0.0393 0.3666 0.0393
8.8235 0.0413 0.3892 0.0413
9.0196 0.0440 0.4130 0.0440
9.2157 0.0465 0.4366 0.0465
9.4118 0.0494 0.4614 0.0494
9.6078 0.0521 0.4869 0.0521
9.8039 0.0549 0.5133 0.0549
10.0000 0.0576 0.5397 0.0576
10.1961 0.0603 0.5670 0.0603
10.3922 0.0640 0.5953 0.0640
10.5882 0.0666 0.6244 0.0666
10.7843 0.0695 0.6535 0.0695
10.9804 0.0730 0.6844 0.0730
11.1765 0.0766 0.7153 0.0766
11.3725 0.0796 0.7469 0.0796
11.5686 0.0830 0.7797 0.0830
11.7647 0.0867 0.8124 0.0867
11.9608 0.0903 0.8463 0.0903
12.1569 0.0940 0.8804 0.0940
12.3529 0.0976 0.9161 0.0976
12.5490 0.1017 0.9521 0.1017
12.7451 0.1058 0.9884 0.1058
12.9412 0.1094 1.0259 0.1094
13.1373 0.1141 1.0635 0.1141
13.3333 0.1176 1.1028 0.1176
13.5294 0.1224 1.1422 0.1224
13.7255 0.1261 1.1823 0.1261
13.9216 0.1306 1.2225 0.1306
14.1176 0.1350 1.2644 0.1350
14.3137 0.1396 1.3064 0.1396
14.5098 0.1443 1.3492 0.1443
14.7059 0.1488 1.3929 0.1488
14.9020 0.1533 1.4376 0.1533
15.0980 0.1588 1.4822 0.1588
15.2941 0.1633 1.5277 0.1633
15.4902 0.1679 1.5742 0.1679
15.6863 0.1734 1.6215 0.1734
15.8824 0.1789 1.6688 0.1789
16.0784 0.1833 1.7179 0.1833
16.2745 0.1888 1.7671 0.1888
16.4706 0.1943 1.8169 0.1943
16.6667 0.1997 1.8679 0.1997
16.8627 0.2052 1.9189 0.2052
17.0588 0.2107 1.9704 0.2107
17.2549 0.2161 2.0232 0.2161
17.4510 0.2215 2.0771 0.2215
17.6471 0.2281 2.1313 0.2281
17.8431 0.2334 2.1858 0.2334
18.0392 0.2399 2.2415 0.2399
18.2353 0.2452 2.2974 0.2452
18.4314 0.2517 2.3540 0.2517
18.6275 0.2582 2.4122 0.2582
18.8235 0.2638 2.4700 0.2638
19.0196 0.2701 2.5291 0.2701
19.2157 0.2765 2.5893 0.2765
19.4118 0.2828 2.6494 0.2828
19.6078 0.2892 2.7105 0.2892
19.8039 0.2965 2.7724 0.2965
20.0000 0.3029 2.8344 0.3019
