363147 1634.25
363148 213.08
363149 118.33
363150 69.79
363151 17.16
363152 11.00
363153 27.69
363154 8.37
363155 5.42
363156 5.90
363157 2.17
363158 1.41
363159 0.87
363160 0.37
363161 0.23
363162 0.29
363163 0.14
363164 0.09
363165 0.10
363166 0.05
363167 0.03
363168 0.00
363169 0.00
363170 0.00
363123 1627.33
363124 212.91
363125 116.22
363126 69.37
363127 16.80
363128 10.48
363129 27.62
363130 8.20
363131 5.17
363132 5.88
363133 2.14
363134 1.33
363135 0.87
363136 0.36
363137 0.22
363138 0.29
363139 0.13
363140 0.08
363141 0.09
363142 0.05
363143 0.03
363144 0.00
363145 0.00
363146 0.00
